dn: cn=IBISBusGroup1,ou=groups,o=fedex,c=us
changetype: modify
add: uniquemember
	866315	
	3619289	
	3629840	
	3616346	
	3629841	
	3629839	
	3619288	
	3616344	
	709523	
	895169	
	894452	
	895168	
	895167	
	5030826	
	902252	
	894887	
	354778	
	5235386	
	5235385	
	5028517	
	3690206	
	3690427	
	5015269	
	5068287	
	5116361	
	3678560	
	5250090	
	960969	
	5018618	
	5170250	
	5292509	
	3667711	
	5050300	
	5046794	
	5032546	
	968461	
	5092598	
	960504	
	5099676	
	5163078	
	3650493	
	3645947	
	5262183	
	3711992	
	966917	
	5279471	
	5214198	
	5056856	
	972078	
	3603340	
	3625785	
	978864	
	5278308	
	966632	
	3603452	
	5015250	
	5287497	